0.0
115.5
50.0
50.0
119.0
119.0
2.0
2.0
50.0
50.0
50.0
50.0
0.0
0.0
1.899999976158142
10.0
204.6461181640625
42.00212478637695
110.11321258544922
5.006927967071533
10.03210163116455
2.0
107.67218780517578
41.58
135.435
41.58210372924805
135.4115753173828
0.0
0.0
1.899999976158142
10.0
264.0557861328125
68.68950653076172
13.829753875732422
41.028953552246094
87.47102355957031
2.0
2.0
76.933
13.692
76.89436340332031
13.69145679473877
0.0
0.0
1.899999976158142
10.0
260.6025085449219
29.073476791381836
5.0
24.40025520324707
31.807762145996094
30.736848831176758
2.0
29.361
4.95
29.291622161865234
4.949999809265137
0.0
0.0
1.899999976158142
10.0
112.92984008789062
5.0
74.45999908447266
22.03813934326172
5.014986038208008
8.417508125305176
5.068994045257568
5.05
49.144
5.050504684448242
49.20969772338867
0.0
0.0
-1.909999966621399
10.0
139.02796936035156
104.1341781616211
5.016135215759277
105.37957000732422
41.39116287231445
45.91658401489258
2.0
95.8
5.070
95.5760269165039
5.066802978515625
0.0
0.0
-1.856282114982605
10.0
342.172119140625
9.971208572387695
47.144325256347656
5.0
141.47677612304688
2.0
2.0
10.070
44.783
10.071927070617676
44.62156295776367
0.10000000149011612
0.10000000149011612
-1.909999966621399
